2024年steam年度最畅销游戏,2024年steam年度最畅销游戏_before_map,exist_flag_gt,exist_flag_response,2024年steam年度最畅销游戏_exact_match,2024年steam年度最畅销游戏_exact_match_eval_msg,发行公司_llm_judge,发行公司_llm_judge_eval_msg,发行公司_query,发行公司_response,获奖游戏_llm_judge,获奖游戏_llm_judge_eval_msg,获奖游戏_query,获奖游戏_response
blackmyth:wukong（黑神话：悟空）,黑神话:悟空,,,1.0,key_match,1.0,"Step-by-step analysis:

- Standard answer target: ""gamescience（游戏科学）""
- Response: ""游戏科学""
- Semantic comparison: The response ""游戏科学"" is exactly the Chinese part of the standard answer, both semantically equivalent. The response and the standard answer indicate the same concept.
- According to the criterion, ""语义相同大致或者指向的实体一致即可，不需要字字对应"", so partial matching is acceptable as long as they point to the same entity.
- Since the response fully matches the key term in the standard answer, it should be scored as 1 (completely correct).

Final scoring result:

```json
{
    ""idx_0"": 1
}
```",gamescience（游戏科学）,游戏科学,0.0,"Let's analyze the provided data step-by-step:

### Data Overview:
- **Standard answer (target):** ""blackmyth:wukong（黑神话：悟空）""
- **Response:** ""最佳动作游戏""
- **Criterion:** If the response is semantically roughly the same as the reference answer or points to the same entity, it's acceptable for a score of 1. Word-for-word matching is not necessary.

### Analysis:
- The standard answer is the name of a game: ""blackmyth:wukong（黑神话：悟空）"".
- The response is ""最佳动作游戏"" which means ""best action game"".
- These two are not semantically the same, nor does the response clearly point to the same entity (the specific game title). The response is a description or an opinion about a category or quality, but it does not mention or indicate the entity ""blackmyth:wukong"".
- According to the grading criterion, the response must be semantically similar or point to the same entity. Here, the response is more general and does not indicate the same entity.

### Conclusion:
The provided response does not meet the criterion for a score of 1.

### Final scoring:
```json
{
    ""idx_0"": 0
}
```",blackmyth:wukong（黑神话：悟空）,最佳动作游戏
apexlegends™（apex：英雄）,,1.0,,,,,,electronicarts（艺电）,,,,无,
baldur'sgate3（博德之门3）,,1.0,,,,,,larianstudios（拉瑞安）,,,,无,
callofduty®:blackops6（使命召唤：黑色行动6）,,1.0,,,,,,activision（动视）,,,,sekiro:shadowsdietwice（只狼：影逝二度）,
counter-strike2（反恐精英2）,,1.0,,,,,,valve（维尔福）,,,,无,
destiny2（命运2）,,1.0,,,,,,bungie,,,,无,
dota2（刀塔2）,,1.0,,,,,,valve（维尔福）,,,,无,
eldenring（艾尔登法环）,,1.0,,,,,,bandainamcoentertainment（万代南梦宫娱乐）,,,,armoredcorevi:firesofrubicon（装甲核心6）,
helldivers™2(绝地潜兵2),,1.0,,,,,,playstationpublishingllc（索尼互动娱乐）,,,,godofwar4（战神4）、godofwar5（战神5）、astrobot（宇宙机器人）、thelastofuspartii（最后的生还者2）、returnal（死亡回归）,
palworld（幻兽帕鲁）,,1.0,,,,,,pocketpair,,,,无,
pubg:battlegrounds（绝地求生）,,1.0,,,,,,"krafton,inc.(魁匠团)",,,,无,
"warhammer40,000:spacemarines2（战锤40k：星际战士2）",,1.0,,,,,,focusentertainment,,,,无,
